1447326856 1187
1447327057 1188
1447327726 1560
1447327953 1560
1447329152 1560
1447329400 1564
1447891317 1578
1447931756 1581
1447941738 1579
1448712905 1678
1448728371 1850
1448793500 1836
1448796754 1831
1449067718 1885
1449071115 1892
1449141383 1894
1449332305 1913
1449332852 2008
1449748893 2034
1449749841 2198
1449753262 2203
1449753696 2207
1449753955 2207
1449754116 2201
1449754562 2176
1449754606 2176
1449754717 2176
1449758208 2196
1449758283 2215
1449758810 2215
1449763010 2209
1449842435 2067
1449940255 2188
1449940532 2186
1449944216 2172
1449945630 2176
1449945673 2178
1449951756 2187
1450031241 2255
1450041738 2245
1450050363 2245
1450056593 2230
1450101946 2273
1450102098 2307
1450102110 2308
1450102250 2308
1450102541 2327
1450104285 2327
1450104626 2329
1450104783 2336
1450106382 2340
1450107599 2348
1450109705 2337
1450118289 2301
1450120622 2393
1450137413 2580
1450137890 2589
1450184342 2647
1450185102 2654
1450185985 2761
1450188219 2769
1450189695 2770
1450190609 2770
1450193567 2743
1450194778 2729
1450269219 2741
1450270314 2760
1450283714 2903
1450301909 2906
1450302169 2912
1450349048 2914
1450452604 2920
1450522023 2927
1450522116 2927
1450626046 2929
1451838597 3150
1451851151 3359
1452015606 3364
1452016273 3401
1452021816 3400
1452172743 3400
